-0.00885482 0.639432 0.00623186 0.639785 -0.0104585 0.0137799 -0.00502545 0.0143431
-0.00944794 0.638305 0.00073527 0.637219 -0.0104585 0.0137799 -0.00502545 0.0143431
-0.00775198 0.637743 -0.00150947 0.638443 -0.0104585 0.0137799 -0.00502545 0.0143431
-0.00773535 0.637074 -0.00333899 0.638391 -0.0104585 0.0137799 -0.00502545 0.0143431
-0.00756386 0.636319 -0.00584889 0.636851 -0.0104585 0.0137799 -0.00502545 0.0143431
-0.00651233 0.63577 -0.00510207 0.637113 -0.0104585 0.0137799 -0.00502545 0.0143431
-0.00983899 0.63629 -0.00427154 0.636715 -0.0104585 0.0137799 -0.00502545 0.0143431
-0.010772 0.63595 -0.00398882 0.63644 -0.0104585 0.0137799 -0.00502545 0.0143431
-0.0102299 0.63619 -0.00564569 0.635422 -0.0104585 0.0137799 -0.00502545 0.0143431
-0.0116434 0.636566 -0.00538233 0.634698 -0.0104585 0.0137799 -0.00502545 0.0143431
-0.0122975 0.637185 -0.00564968 0.634092 -0.0104585 0.0137799 -0.00502545 0.0143431
-0.0111782 0.63665 -0.00626734 0.634212 -0.0104585 0.0137799 -0.00502545 0.0143431
-0.013102 0.636487 -0.00778109 0.633808 -0.0104585 0.0137799 -0.00502545 0.0143431
-0.0132659 0.636411 -0.00473794 0.6343 -0.0104585 0.0137799 -0.00502545 0.0143431
-0.0112049 0.636569 -0.00709315 0.63441 -0.0104585 0.0137799 -0.00502545 0.0143431
-0.0120464 0.635979 -0.00598538 0.634268 -0.0104585 0.0137799 -0.00502545 0.0143431
-0.0134557 0.637655 -0.00646909 0.634385 -0.0104585 0.0137799 -0.00502545 0.0143431
-0.0147612 0.637804 -0.00656641 0.634567 -0.0104585 0.0137799 -0.00502545 0.0143431
-0.0140355 0.638716 -0.00579346 0.63465 -0.0104585 0.0137799 -0.00502545 0.0143431
-0.0142776 0.638362 -0.00639469 0.635304 -0.0104585 0.0137799 -0.00502545 0.0143431
-0.0158369 0.637956 -0.00660375 0.63498 -0.0104585 0.0137799 -0.00502545 0.0143431
-0.017356 0.638181 -0.00605407 0.636007 -0.0104585 0.0137799 -0.00502545 0.0143431
-0.0157753 0.638669 -0.0083489 0.636008 -0.0104585 0.0137799 -0.00502545 0.0143431
-0.0126052 0.638555 -0.00511146 0.636252 -0.0104585 0.0137799 -0.00502545 0.0143431
-0.014893 0.638553 -0.0086883 0.635935 -0.0104585 0.0137799 -0.00502545 0.0143431
-0.0136363 0.639162 -0.00891162 0.635724 -0.0104585 0.0137799 -0.00502545 0.0143431
-0.013489 0.638023 -0.00999242 0.636455 -0.0104585 0.0137799 -0.00502545 0.0143431
-0.0142515 0.637417 -0.0103486 0.636009 -0.0104585 0.0137799 -0.00502545 0.0143431
-0.0138512 0.636771 -0.00853361 0.635742 -0.0104585 0.0137799 -0.00502545 0.0143431
-0.0122554 0.637453 -0.00451782 0.63423 -0.0104585 0.0137799 -0.00502545 0.0143431
-0.0122887 0.637166 -0.00389594 0.633525 -0.0104585 0.0137799 -0.00502545 0.0143431
-0.0108911 0.637122 -0.00542557 0.63441 -0.0104585 0.0137799 -0.00502545 0.0143431
-0.00893746 0.635639 -0.00478475 0.634191 -0.0104585 0.0137799 -0.00502545 0.0143431
-0.00729633 0.635197 -0.00554865 0.633157 -0.0104585 0.0137799 -0.00502545 0.0143431
-0.00705843 0.634983 -0.00210643 0.633571 -0.0104585 0.0137799 -0.00502545 0.0143431
-0.00577475 0.634692 -0.00210801 0.633519 -0.0104585 0.0137799 -0.00502545 0.0143431
-0.00528657 0.635245 0.00132346 0.633077 -0.0104585 0.0137799 -0.00502545 0.0143431
-0.00293426 0.635298 0.00351711 0.633352 -0.0104585 0.0137799 -0.00502545 0.0143431
-0.00241914 0.634995 0.00168203 0.632634 -0.0104585 0.0137799 -0.00502545 0.0143431
-0.00129835 0.635261 0.00165816 0.63357 -0.0104585 0.0137799 -0.00502545 0.0143431
-0.00314651 0.635524 -0.000717191 0.633975 -0.0104585 0.0137799 -0.00502545 0.0143431
-0.00449638 0.636204 -0.00498949 0.635853 -0.0104585 0.0137799 -0.00502545 0.0143431
-0.00758724 0.636204 -0.00690939 0.637125 -0.0104585 0.0137799 -0.00502545 0.0143431
-0.011765 0.637404 -0.0117213 0.638824 -0.0104585 0.0137799 -0.00502545 0.0143431
-0.0136131 0.639048 -0.013776 0.640757 -0.0104585 0.0137799 -0.00502545 0.0143431
-0.0173383 0.638905 -0.0123005 0.64092 -0.0104585 0.0137799 -0.00502545 0.0143431
-0.0188763 0.639972 -0.0123456 0.640909 -0.0104585 0.0137799 -0.00502545 0.0143431
-0.0190845 0.640963 -0.00230363 0.643271 -0.0104585 0.0137799 -0.00502545 0.0143431
