0.00337538 0.01313 0.010315 0.00861601 0.00653216 -0.0113464 0.00639245 -0.00917326
-0.000441009 0.0103765 0.00534286 0.00625032 0.00653216 -0.0113464 0.00639245 -0.00917326
-0.000698925 0.0165805 0.00601711 0.0134691 0.00653216 -0.0113464 0.00639245 -0.00917326
-0.00139194 0.0156141 0.00480341 0.0135121 0.00653216 -0.0113464 0.00639245 -0.00917326
3.34474e-05 0.0101467 0.00361137 0.00648872 0.00653216 -0.0113464 0.00639245 -0.00917326
0.00256587 0.00453706 0.000821949 0.00299729 0.00653216 -0.0113464 0.00639245 -0.00917326
-1.70826e-05 0.00475126 0.00162197 0.00143646 0.00653216 -0.0113464 0.00639245 -0.00917326
-0.00190852 0.00238766 0.000166925 0.00187655 0.00653216 -0.0113464 0.00639245 -0.00917326
-0.00334942 0.00340831 -0.00196342 0.00245838 0.00653216 -0.0113464 0.00639245 -0.00917326
-0.00539993 0.0043491 -0.00264671 0.00154144 0.00653216 -0.0113464 0.00639245 -0.00917326
-0.0074645 0.00444922 -0.00471112 0.00143388 0.00653216 -0.0113464 0.00639245 -0.00917326
-0.0079808 0.00414238 -0.00358203 0.00389623 0.00653216 -0.0113464 0.00639245 -0.00917326
-0.00891304 0.00403299 -0.00472854 0.00141281 0.00653216 -0.0113464 0.00639245 -0.00917326
-0.00931469 0.00192107 -0.00330434 0.00182013 0.00653216 -0.0113464 0.00639245 -0.00917326
-0.00869997 3.03418e-05 -0.00631016 0.00139376 0.00653216 -0.0113464 0.00639245 -0.00917326
-0.00895993 -0.000696009 -0.00503954 0.00116067 0.00653216 -0.0113464 0.00639245 -0.00917326
-0.0101461 0.00101559 -0.00615371 0.000480666 0.00653216 -0.0113464 0.00639245 -0.00917326
-0.0121213 0.00209417 -0.00658311 0.00131067 0.00653216 -0.0113464 0.00639245 -0.00917326
-0.0112057 0.00243894 -0.00590835 0.00154312 0.00653216 -0.0113464 0.00639245 -0.00917326
-0.0105613 0.00331098 -0.00760664 0.00244694 0.00653216 -0.0113464 0.00639245 -0.00917326
-0.0116954 0.00189989 -0.00822127 0.00269992 0.00653216 -0.0113464 0.00639245 -0.00917326
-0.0126064 0.00191433 -0.00770603 0.00272885 0.00653216 -0.0113464 0.00639245 -0.00917326
-0.0119918 0.00186558 -0.00944472 0.00329894 0.00653216 -0.0113464 0.00639245 -0.00917326
-0.00912431 0.00362382 -0.00593993 0.00393869 0.00653216 -0.0113464 0.00639245 -0.00917326
-0.01066 0.00311421 -0.00958177 0.00286678 0.00653216 -0.0113464 0.00639245 -0.00917326
-0.00991654 0.00264073 -0.00949514 0.00254497 0.00653216 -0.0113464 0.00639245 -0.00917326
-0.00968674 0.00223152 -0.0102792 0.00293967 0.00653216 -0.0113464 0.00639245 -0.00917326
-0.00867137 0.0007168 -0.00995212 0.00175399 0.00653216 -0.0113464 0.00639245 -0.00917326
-0.00940209 0.00144028 -0.00911339 0.00200017 0.00653216 -0.0113464 0.00639245 -0.00917326
-0.00797518 0.000671722 -0.00793932 0.00196772 0.00653216 -0.0113464 0.00639245 -0.00917326
-0.00840842 0.00229059 -0.00577679 0.0019681 0.00653216 -0.0113464 0.00639245 -0.00917326
-0.00707426 0.00273496 -0.00620084 0.0017201 0.00653216 -0.0113464 0.00639245 -0.00917326
-0.00519156 0.00114783 -0.00576668 0.000800075 0.00653216 -0.0113464 0.00639245 -0.00917326
-0.00568056 0.00276582 -0.00543764 0.00117147 0.00653216 -0.0113464 0.00639245 -0.00917326
-0.0055352 0.00457857 -0.00324503 0.0041427 0.00653216 -0.0113464 0.00639245 -0.00917326
-0.00438182 0.00573634 -0.0043094 0.00511324 0.00653216 -0.0113464 0.00639245 -0.00917326
-0.00307419 0.00840388 -0.00107537 0.00664001 0.00653216 -0.0113464 0.00639245 -0.00917326
-0.00214081 0.0112862 0.00119354 0.00785174 0.00653216 -0.0113464 0.00639245 -0.00917326
-0.00187639 0.00713281 -0.000132241 0.00665198 0.00653216 -0.0113464 0.00639245 -0.00917326
-0.00185003 0.00732543 -4.66483e-05 0.00701874 0.00653216 -0.0113464 0.00639245 -0.00917326
-0.00278739 0.00301642 -0.00127915 0.00268665 0.00653216 -0.0113464 0.00639245 -0.00917326
-0.00286116 0.00186882 -0.00341827 0.00337051 0.00653216 -0.0113464 0.00639245 -0.00917326
-0.00414583 0.00167422 -0.00395487 0.00220515 0.00653216 -0.0113464 0.00639245 -0.00917326
-0.00665319 0.0020007 -0.0052087 0.0028161 0.00653216 -0.0113464 0.00639245 -0.00917326
-0.00620509 0.0010153 -0.00645621 0.00478351 0.00653216 -0.0113464 0.00639245 -0.00917326
-0.00687593 0.000554487 -0.00576617 0.00151926 0.00653216 -0.0113464 0.00639245 -0.00917326
-0.00765036 -0.00173964 -0.00627341 -0.00150312 0.00653216 -0.0113464 0.00639245 -0.00917326
-0.00390313 0.00459644 0.00277487 0.00456483 0.00653216 -0.0113464 0.00639245 -0.00917326
