0.00850465 0.0235709 0.0112548 0.0200799 -0.00255486 0.000420197 -0.00142499 0.00188433
0.00392741 0.0225811 0.00814458 0.0208419 -0.00255486 0.000420197 -0.00142499 0.00188433
0.00260667 0.0264488 0.00942916 0.0227196 -0.00255486 0.000420197 -0.00142499 0.00188433
0.00312253 0.0232258 0.00989093 0.0202741 -0.00255486 0.000420197 -0.00142499 0.00188433
0.00481673 0.0154212 0.00600403 0.0121836 -0.00255486 0.000420197 -0.00142499 0.00188433
0.00435057 0.0092074 0.00254089 0.0063804 -0.00255486 0.000420197 -0.00142499 0.00188433
0.000146348 0.00789651 7.40678e-05 0.00546485 -0.00255486 0.000420197 -0.00142499 0.00188433
-0.00345538 0.00413665 -0.00237617 0.0028554 -0.00255486 0.000420197 -0.00142499 0.00188433
-0.00768233 3.40383e-05 -0.00619712 -0.000667179 -0.00255486 0.000420197 -0.00142499 0.00188433
-0.00962093 -0.000238496 -0.00782628 -0.000310676 -0.00255486 0.000420197 -0.00142499 0.00188433
-0.0108863 0.00124775 -0.00748138 0.000188186 -0.00255486 0.000420197 -0.00142499 0.00188433
-0.00907826 -0.0015456 -0.00733914 -0.00127905 -0.00255486 0.000420197 -0.00142499 0.00188433
-0.0118427 -0.00296769 -0.0101183 -0.00275719 -0.00255486 0.000420197 -0.00142499 0.00188433
-0.0112323 -0.00193208 -0.00763808 -0.00202509 -0.00255486 0.000420197 -0.00142499 0.00188433
-0.0103384 -0.00179604 -0.00807222 -0.000535549 -0.00255486 0.000420197 -0.00142499 0.00188433
-0.0111662 -0.00162188 -0.00865126 -0.000410371 -0.00255486 0.000420197 -0.00142499 0.00188433
-0.0123786 -0.00191936 -0.00995068 -0.00131816 -0.00255486 0.000420197 -0.00142499 0.00188433
-0.0132392 -0.00215689 -0.0104191 -0.00182092 -0.00255486 0.000420197 -0.00142499 0.00188433
-0.012325 -0.00290146 -0.0106018 -0.00196875 -0.00255486 0.000420197 -0.00142499 0.00188433
-0.0123529 -0.00278849 -0.0111479 -0.00160162 -0.00255486 0.000420197 -0.00142499 0.00188433
-0.0120249 -0.00190856 -0.0111205 -0.000889745 -0.00255486 0.000420197 -0.00142499 0.00188433
-0.012683 -0.00149381 -0.0109618 -0.000126467 -0.00255486 0.000420197 -0.00142499 0.00188433
-0.0128771 -0.00135631 -0.0117917 0.000440748 -0.00255486 0.000420197 -0.00142499 0.00188433
-0.0122207 -0.000958509 -0.012888 0.00151937 -0.00255486 0.000420197 -0.00142499 0.00188433
-0.0116531 -0.00111544 -0.0135701 0.00158491 -0.00255486 0.000420197 -0.00142499 0.00188433
-0.0114601 -0.003681 -0.0140083 -0.000912209 -0.00255486 0.000420197 -0.00142499 0.00188433
-0.0106589 -0.00385119 -0.0127955 -0.00145261 -0.00255486 0.000420197 -0.00142499 0.00188433
-0.00910658 -0.00334666 -0.0109508 -0.00155672 -0.00255486 0.000420197 -0.00142499 0.00188433
-0.00793947 -0.00255289 -0.00937373 -0.00175881 -0.00255486 0.000420197 -0.00142499 0.00188433
-0.00785666 -0.00220278 -0.00940635 -0.00156759 -0.00255486 0.000420197 -0.00142499 0.00188433
-0.0101183 -0.00228997 -0.0110295 -0.00153485 -0.00255486 0.000420197 -0.00142499 0.00188433
-0.00934281 -0.00264115 -0.0110235 -0.00182155 -0.00255486 0.000420197 -0.00142499 0.00188433
-0.00732986 -0.00097739 -0.00858698 -0.000552502 -0.00255486 0.000420197 -0.00142499 0.00188433
-0.00723143 0.000782584 -0.00787068 0.00122721 -0.00255486 0.000420197 -0.00142499 0.00188433
-0.0114382 0.00195988 -0.0109645 0.0031524 -0.00255486 0.000420197 -0.00142499 0.00188433
-0.0124006 0.00118672 -0.0141608 0.00444025 -0.00255486 0.000420197 -0.00142499 0.00188433
-0.006964 0.00762604 -0.00650322 0.00791007 -0.00255486 0.000420197 -0.00142499 0.00188433
-0.00603569 0.0141993 -0.00352115 0.0134658 -0.00255486 0.000420197 -0.00142499 0.00188433
-0.00462899 0.0110187 -0.00376777 0.0114956 -0.00255486 0.000420197 -0.00142499 0.00188433
-0.00334158 0.0101749 -0.00164118 0.00994091 -0.00255486 0.000420197 -0.00142499 0.00188433
-0.00147114 0.00885462 -0.000253643 0.00923575 -0.00255486 0.000420197 -0.00142499 0.00188433
-0.00217153 0.00741155 -0.00119304 0.00788673 -0.00255486 0.000420197 -0.00142499 0.00188433
-0.00450656 0.00164475 -0.00439877 0.00328309 -0.00255486 0.000420197 -0.00142499 0.00188433
-0.00992311 0.000106336 -0.00943957 0.00147957 -0.00255486 0.000420197 -0.00142499 0.00188433
-0.0123919 0.000895973 -0.0116494 0.00316897 -0.00255486 0.000420197 -0.00142499 0.00188433
-0.0130201 0.00429902 -0.0109009 0.0063362 -0.00255486 0.000420197 -0.00142499 0.00188433
-0.0136784 0.0048904 -0.0117942 0.00742607 -0.00255486 0.000420197 -0.00142499 0.00188433
-0.00581622 0.0112053 -0.00334753 0.0118156 -0.00255486 0.000420197 -0.00142499 0.00188433
