-0.00796177 0.641103 0.0090653 0.641113 -0.0112907 0.0161498 -0.00430519 0.0157082
-0.00694278 0.638965 0.00338315 0.639815 -0.0112907 0.0161498 -0.00430519 0.0157082
-0.00627276 0.638755 0.000468448 0.640456 -0.0112907 0.0161498 -0.00430519 0.0157082
-0.00662697 0.639035 -0.00107149 0.639424 -0.0112907 0.0161498 -0.00430519 0.0157082
-0.00633126 0.637806 -0.0031053 0.638413 -0.0112907 0.0161498 -0.00430519 0.0157082
-0.0065029 0.637027 -0.00420099 0.63862 -0.0112907 0.0161498 -0.00430519 0.0157082
-0.00730214 0.637361 -0.00377006 0.638458 -0.0112907 0.0161498 -0.00430519 0.0157082
-0.00934232 0.637813 -0.00364906 0.637538 -0.0112907 0.0161498 -0.00430519 0.0157082
-0.0104516 0.638074 -0.0039698 0.636341 -0.0112907 0.0161498 -0.00430519 0.0157082
-0.0124289 0.636959 -0.00610384 0.635778 -0.0112907 0.0161498 -0.00430519 0.0157082
-0.0137351 0.637922 -0.0063076 0.635503 -0.0112907 0.0161498 -0.00430519 0.0157082
-0.0120661 0.637517 -0.00707747 0.634912 -0.0112907 0.0161498 -0.00430519 0.0157082
-0.0132972 0.637705 -0.00609873 0.635178 -0.0112907 0.0161498 -0.00430519 0.0157082
-0.0135202 0.637652 -0.00434455 0.635465 -0.0112907 0.0161498 -0.00430519 0.0157082
-0.0138114 0.637821 -0.00508242 0.635297 -0.0112907 0.0161498 -0.00430519 0.0157082
-0.0130477 0.637946 -0.00537167 0.634852 -0.0112907 0.0161498 -0.00430519 0.0157082
-0.014465 0.637839 -0.00640349 0.635151 -0.0112907 0.0161498 -0.00430519 0.0157082
-0.0166062 0.638648 -0.0047143 0.635698 -0.0112907 0.0161498 -0.00430519 0.0157082
-0.014836 0.639768 -0.00517766 0.63534 -0.0112907 0.0161498 -0.00430519 0.0157082
-0.0159854 0.639953 -0.00606509 0.635476 -0.0112907 0.0161498 -0.00430519 0.0157082
-0.0173829 0.640024 -0.0062449 0.63636 -0.0112907 0.0161498 -0.00430519 0.0157082
-0.018244 0.640111 -0.00583935 0.636864 -0.0112907 0.0161498 -0.00430519 0.0157082
-0.0179041 0.639838 -0.00577986 0.636616 -0.0112907 0.0161498 -0.00430519 0.0157082
-0.0146999 0.640203 -0.00415615 0.636521 -0.0112907 0.0161498 -0.00430519 0.0157082
-0.0151577 0.639843 -0.00860558 0.636916 -0.0112907 0.0161498 -0.00430519 0.0157082
-0.016429 0.640055 -0.00764059 0.636514 -0.0112907 0.0161498 -0.00430519 0.0157082
-0.0156126 0.639801 -0.00969525 0.637272 -0.0112907 0.0161498 -0.00430519 0.0157082
-0.0160118 0.639589 -0.0092444 0.637054 -0.0112907 0.0161498 -0.00430519 0.0157082
-0.0147697 0.638682 -0.00684501 0.635955 -0.0112907 0.0161498 -0.00430519 0.0157082
-0.0133274 0.638661 -0.00457774 0.634842 -0.0112907 0.0161498 -0.00430519 0.0157082
-0.012383 0.638346 -0.00268195 0.634354 -0.0112907 0.0161498 -0.00430519 0.0157082
-0.0113095 0.638275 -0.00426964 0.634402 -0.0112907 0.0161498 -0.00430519 0.0157082
-0.00985947 0.637224 -0.00375734 0.634936 -0.0112907 0.0161498 -0.00430519 0.0157082
-0.00828258 0.636507 -0.0034635 0.634579 -0.0112907 0.0161498 -0.00430519 0.0157082
-0.00641325 0.636734 -0.00108958 0.634285 -0.0112907 0.0161498 -0.00430519 0.0157082
-0.0071103 0.63654 -0.000515195 0.63382 -0.0112907 0.0161498 -0.00430519 0.0157082
-0.00353932 0.63637 0.00414673 0.633783 -0.0112907 0.0161498 -0.00430519 0.0157082
-0.00206751 0.636588 0.00515435 0.633814 -0.0112907 0.0161498 -0.00430519 0.0157082
-0.00223505 0.636592 0.00267848 0.633485 -0.0112907 0.0161498 -0.00430519 0.0157082
-0.00155951 0.636508 0.00320626 0.634076 -0.0112907 0.0161498 -0.00430519 0.0157082
-0.00380926 0.636848 -0.0014175 0.635171 -0.0112907 0.0161498 -0.00430519 0.0157082
-0.00525342 0.637462 -0.00213518 0.636642 -0.0112907 0.0161498 -0.00430519 0.0157082
-0.00739504 0.637408 -0.00577808 0.638365 -0.0112907 0.0161498 -0.00430519 0.0157082
-0.0116275 0.639112 -0.0107637 0.640683 -0.0112907 0.0161498 -0.00430519 0.0157082
-0.0153144 0.640476 -0.013779 0.642243 -0.0112907 0.0161498 -0.00430519 0.0157082
-0.0182517 0.641061 -0.0146222 0.643625 -0.0112907 0.0161498 -0.00430519 0.0157082
-0.0223469 0.642025 -0.0122972 0.643219 -0.0112907 0.0161498 -0.00430519 0.0157082
-0.0215788 0.643953 -0.00148212 0.646025 -0.0112907 0.0161498 -0.00430519 0.0157082
