0.00534263 0.0153042 0.0128559 0.0125712 0.006583 -0.0116438 0.00609278 -0.00915659
0.00344943 0.013257 0.00888668 0.010202 0.006583 -0.0116438 0.00609278 -0.00915659
-0.000246197 0.0200586 0.00827038 0.0156555 0.006583 -0.0116438 0.00609278 -0.00915659
-0.000884643 0.0192637 0.00781607 0.0154675 0.006583 -0.0116438 0.00609278 -0.00915659
0.00156676 0.0129629 0.00567248 0.00992803 0.006583 -0.0116438 0.00609278 -0.00915659
0.00313431 0.00593991 0.00183101 0.00401764 0.006583 -0.0116438 0.00609278 -0.00915659
0.00293458 0.00505427 0.00188353 0.00315216 0.006583 -0.0116438 0.00609278 -0.00915659
-0.00115983 0.00509098 0.00188705 0.00298086 0.006583 -0.0116438 0.00609278 -0.00915659
-0.00336131 0.00462022 -5.15484e-05 0.00400595 0.006583 -0.0116438 0.00609278 -0.00915659
-0.00533957 0.00464951 -0.0026141 0.00316753 0.006583 -0.0116438 0.00609278 -0.00915659
-0.00820221 0.00576914 -0.00342891 0.00377069 0.006583 -0.0116438 0.00609278 -0.00915659
-0.00763177 0.00570853 -0.00366844 0.00461158 0.006583 -0.0116438 0.00609278 -0.00915659
-0.00913128 0.0055142 -0.0035689 0.00299143 0.006583 -0.0116438 0.00609278 -0.00915659
-0.00972322 0.00385249 -0.00290388 0.00201072 0.006583 -0.0116438 0.00609278 -0.00915659
-0.00954322 0.00133523 -0.00455159 0.0014785 0.006583 -0.0116438 0.00609278 -0.00915659
-0.0098288 0.00124769 -0.00451664 0.00129528 0.006583 -0.0116438 0.00609278 -0.00915659
-0.0109011 0.00177999 -0.00592455 0.00184906 0.006583 -0.0116438 0.00609278 -0.00915659
-0.0131355 0.00326747 -0.00573923 0.0032396 0.006583 -0.0116438 0.00609278 -0.00915659
-0.0113425 0.00366106 -0.00606833 0.00261092 0.006583 -0.0116438 0.00609278 -0.00915659
-0.0125005 0.00389708 -0.00713361 0.00414297 0.006583 -0.0116438 0.00609278 -0.00915659
-0.0134173 0.00402726 -0.0073061 0.00534493 0.006583 -0.0116438 0.00609278 -0.00915659
-0.0135595 0.00267699 -0.00759969 0.00401958 0.006583 -0.0116438 0.00609278 -0.00915659
-0.0129495 0.00340839 -0.00810494 0.00334062 0.006583 -0.0116438 0.00609278 -0.00915659
-0.00975105 0.00485988 -0.00568504 0.0052536 0.006583 -0.0116438 0.00609278 -0.00915659
-0.0104654 0.00475502 -0.0101699 0.00589497 0.006583 -0.0116438 0.00609278 -0.00915659
-0.0111076 0.00373312 -0.00953146 0.00489537 0.006583 -0.0116438 0.00609278 -0.00915659
-0.0100441 0.00441802 -0.0102444 0.00387268 0.006583 -0.0116438 0.00609278 -0.00915659
-0.0103551 0.00384751 -0.0108652 0.00404359 0.006583 -0.0116438 0.00609278 -0.00915659
-0.00911714 0.00257646 -0.00935851 0.00244455 0.006583 -0.0116438 0.00609278 -0.00915659
-0.00799703 0.00318793 -0.00775803 0.00302869 0.006583 -0.0116438 0.00609278 -0.00915659
-0.00806373 0.00435045 -0.00566723 0.00253631 0.006583 -0.0116438 0.00609278 -0.00915659
-0.00674091 0.00259092 -0.00590649 0.00113565 0.006583 -0.0116438 0.00609278 -0.00915659
-0.00607026 0.00258192 -0.0052825 0.00281662 0.006583 -0.0116438 0.00609278 -0.00915659
-0.00534096 0.00395568 -0.00423298 0.00333937 0.006583 -0.0116438 0.00609278 -0.00915659
-0.00473357 0.00743403 -0.00255585 0.00715947 0.006583 -0.0116438 0.00609278 -0.00915659
-0.0050667 0.00799741 -0.00250264 0.00604564 0.006583 -0.0116438 0.00609278 -0.00915659
-0.00202995 0.0111687 0.000512483 0.00811377 0.006583 -0.0116438 0.00609278 -0.00915659
-0.00047459 0.0128069 0.00221291 0.0102618 0.006583 -0.0116438 0.00609278 -0.00915659
-0.00119251 0.00952686 0.000578066 0.00906496 0.006583 -0.0116438 0.00609278 -0.00915659
-0.00156883 0.00889432 0.00127503 0.00820859 0.006583 -0.0116438 0.00609278 -0.00915659
-0.00269821 0.00501237 -0.000828856 0.00441018 0.006583 -0.0116438 0.00609278 -0.00915659
-0.00294114 0.00371849 -0.00183273 0.00561156 0.006583 -0.0116438 0.00609278 -0.00915659
-0.00380146 0.00294517 -0.00291001 0.00393681 0.006583 -0.0116438 0.00609278 -0.00915659
-0.00490664 0.00473432 -0.00417427 0.00470562 0.006583 -0.0116438 0.00609278 -0.00915659
-0.00583869 0.00357847 -0.00543396 0.00524587 0.006583 -0.0116438 0.00609278 -0.00915659
-0.00616975 0.00366322 -0.00603659 0.00507598 0.006583 -0.0116438 0.00609278 -0.00915659
-0.00844077 -0.000590083 -0.0068521 0.000801465 0.006583 -0.0116438 0.00609278 -0.00915659
-0.00406107 0.00703641 0.00388648 0.00512805 0.006583 -0.0116438 0.00609278 -0.00915659
