nan nan nan nan -0.00333656 -0.000519655 -0.00246631 0.00260265
nan nan nan nan -0.00333656 -0.000519655 -0.00246631 0.00260265
nan nan nan nan -0.00333656 -0.000519655 -0.00246631 0.00260265
nan nan nan nan -0.00333656 -0.000519655 -0.00246631 0.00260265
nan nan nan nan -0.00333656 -0.000519655 -0.00246631 0.00260265
nan nan nan nan -0.00333656 -0.000519655 -0.00246631 0.00260265
nan nan nan nan -0.00333656 -0.000519655 -0.00246631 0.00260265
nan nan nan nan -0.00333656 -0.000519655 -0.00246631 0.00260265
nan nan nan nan -0.00333656 -0.000519655 -0.00246631 0.00260265
nan nan nan nan -0.00333656 -0.000519655 -0.00246631 0.00260265
nan nan nan nan -0.00333656 -0.000519655 -0.00246631 0.00260265
nan nan nan nan -0.00333656 -0.000519655 -0.00246631 0.00260265
nan nan nan nan -0.00333656 -0.000519655 -0.00246631 0.00260265
nan nan nan nan -0.00333656 -0.000519655 -0.00246631 0.00260265
nan nan nan nan -0.00333656 -0.000519655 -0.00246631 0.00260265
nan nan nan nan -0.00333656 -0.000519655 -0.00246631 0.00260265
0.00154887 0.00821322 0.00232344 0.00817683 -0.00333656 -0.000519655 -0.00246631 0.00260265
0.00359144 0.0100419 0.00510362 0.00939521 -0.00333656 -0.000519655 -0.00246631 0.00260265
0.00331168 0.0113517 0.00473616 0.00951217 -0.00333656 -0.000519655 -0.00246631 0.00260265
0.00336276 0.0113545 0.00419403 0.00986355 -0.00333656 -0.000519655 -0.00246631 0.00260265
0.00157179 0.0121423 0.00206462 0.011254 -0.00333656 -0.000519655 -0.00246631 0.00260265
-0.000182753 0.012761 0.00105358 0.0110643 -0.00333656 -0.000519655 -0.00246631 0.00260265
-0.00121041 0.0132823 -0.00107596 0.0112153 -0.00333656 -0.000519655 -0.00246631 0.00260265
-0.00260957 0.0128588 -0.00193452 0.0117581 -0.00333656 -0.000519655 -0.00246631 0.00260265
-0.00319483 0.0141974 -0.0027825 0.0129911 -0.00333656 -0.000519655 -0.00246631 0.00260265
-0.00264875 0.0145606 -0.00254651 0.0135206 -0.00333656 -0.000519655 -0.00246631 0.00260265
-0.00159077 0.0169055 -0.00233771 0.0151218 -0.00333656 -0.000519655 -0.00246631 0.00260265
-0.000722641 0.0190936 -0.000734369 0.0165371 -0.00333656 -0.000519655 -0.00246631 0.00260265
-0.000518816 0.0210515 -0.000643833 0.0181772 -0.00333656 -0.000519655 -0.00246631 0.00260265
0.000600527 0.0225368 1.16592e-05 0.019589 -0.00333656 -0.000519655 -0.00246631 0.00260265
0.00104746 0.0242126 -0.000213853 0.0209057 -0.00333656 -0.000519655 -0.00246631 0.00260265
0.000302437 0.0222124 -0.00403363 0.0194973 -0.00333656 -0.000519655 -0.00246631 0.00260265
nan nan nan nan -0.00333656 -0.000519655 -0.00246631 0.00260265
nan nan nan nan -0.00333656 -0.000519655 -0.00246631 0.00260265
nan nan nan nan -0.00333656 -0.000519655 -0.00246631 0.00260265
nan nan nan nan -0.00333656 -0.000519655 -0.00246631 0.00260265
nan nan nan nan -0.00333656 -0.000519655 -0.00246631 0.00260265
nan nan nan nan -0.00333656 -0.000519655 -0.00246631 0.00260265
nan nan nan nan -0.00333656 -0.000519655 -0.00246631 0.00260265
nan nan nan nan -0.00333656 -0.000519655 -0.00246631 0.00260265
nan nan nan nan -0.00333656 -0.000519655 -0.00246631 0.00260265
nan nan nan nan -0.00333656 -0.000519655 -0.00246631 0.00260265
nan nan nan nan -0.00333656 -0.000519655 -0.00246631 0.00260265
nan nan nan nan -0.00333656 -0.000519655 -0.00246631 0.00260265
nan nan nan nan -0.00333656 -0.000519655 -0.00246631 0.00260265
nan nan nan nan -0.00333656 -0.000519655 -0.00246631 0.00260265
nan nan nan nan -0.00333656 -0.000519655 -0.00246631 0.00260265
nan nan nan nan -0.00333656 -0.000519655 -0.00246631 0.00260265
