0.0569144 0.121057 0.0713652 0.11625 -0.00336268 -0.000555385 -0.00248967 0.00259027
0.0504234 0.11918 0.0706484 0.117758 -0.00336268 -0.000555385 -0.00248967 0.00259027
0.089379 0.0938971 0.103174 0.0700026 -0.00336268 -0.000555385 -0.00248967 0.00259027
0.119922 0.0601395 0.128853 0.0206346 -0.00336268 -0.000555385 -0.00248967 0.00259027
0.129015 0.0443385 0.137535 -0.00187606 -0.00336268 -0.000555385 -0.00248967 0.00259027
0.12776 0.0462821 0.135428 -0.00573432 -0.00336268 -0.000555385 -0.00248967 0.00259027
0.0879464 0.0476125 0.0990004 0.0105321 -0.00336268 -0.000555385 -0.00248967 0.00259027
0.0294713 0.039608 0.0453046 0.0239557 -0.00336268 -0.000555385 -0.00248967 0.00259027
-0.000194557 0.0336134 0.0109808 0.0303007 -0.00336268 -0.000555385 -0.00248967 0.00259027
-0.00483756 0.021148 -0.00111188 0.0239498 -0.00336268 -0.000555385 -0.00248967 0.00259027
-0.00362982 0.0145548 -0.00212547 0.016553 -0.00336268 -0.000555385 -0.00248967 0.00259027
-0.00319459 0.00858049 -0.00132985 0.0110687 -0.00336268 -0.000555385 -0.00248967 0.00259027
-0.00379327 0.00808054 -0.00149659 0.00968364 -0.00336268 -0.000555385 -0.00248967 0.00259027
-0.00592681 0.0112991 -0.0012891 0.0116903 -0.00336268 -0.000555385 -0.00248967 0.00259027
-0.00611036 0.0103774 -0.00189427 0.0112272 -0.00336268 -0.000555385 -0.00248967 0.00259027
-0.00220561 0.00816707 -0.000279201 0.00963151 -0.00336268 -0.000555385 -0.00248967 0.00259027
0.00176392 0.00824765 0.00233896 0.00823178 -0.00336268 -0.000555385 -0.00248967 0.00259027
0.00396439 0.0102443 0.00487301 0.00938019 -0.00336268 -0.000555385 -0.00248967 0.00259027
0.00321441 0.0112132 0.00471743 0.00949151 -0.00336268 -0.000555385 -0.00248967 0.00259027
0.00301587 0.0113071 0.00424608 0.00977899 -0.00336268 -0.000555385 -0.00248967 0.00259027
0.00158188 0.0125413 0.00183888 0.0113141 -0.00336268 -0.000555385 -0.00248967 0.00259027
-7.19978e-06 0.0127194 0.000708923 0.0109866 -0.00336268 -0.000555385 -0.00248967 0.00259027
-0.00124062 0.013258 -0.0010584 0.0113092 -0.00336268 -0.000555385 -0.00248967 0.00259027
-0.00227399 0.0128115 -0.00189614 0.0119253 -0.00336268 -0.000555385 -0.00248967 0.00259027
-0.00305466 0.0146318 -0.00285574 0.0131343 -0.00336268 -0.000555385 -0.00248967 0.00259027
-0.00244875 0.014557 -0.00264679 0.0138092 -0.00336268 -0.000555385 -0.00248967 0.00259027
-0.00167868 0.0170325 -0.00243 0.0150323 -0.00336268 -0.000555385 -0.00248967 0.00259027
-0.000866073 0.0191916 -0.00114625 0.0167921 -0.00336268 -0.000555385 -0.00248967 0.00259027
-0.000581852 0.0208565 -0.000732351 0.0182057 -0.00336268 -0.000555385 -0.00248967 0.00259027
0.000775553 0.0226644 0.000143465 0.0198262 -0.00336268 -0.000555385 -0.00248967 0.00259027
0.00111259 0.0241225 0.000152449 0.0205439 -0.00336268 -0.000555385 -0.00248967 0.00259027
0.00030294 0.0223131 -0.00415622 0.0195451 -0.00336268 -0.000555385 -0.00248967 0.00259027
-0.00375736 0.0198135 -0.00867558 0.020337 -0.00336268 -0.000555385 -0.00248967 0.00259027
-0.00803584 0.0210513 -0.0120634 0.0224595 -0.00336268 -0.000555385 -0.00248967 0.00259027
-0.0114308 0.024479 -0.0140982 0.027644 -0.00336268 -0.000555385 -0.00248967 0.00259027
-0.00776274 0.0291227 -0.0125126 0.0301611 -0.00336268 -0.000555385 -0.00248967 0.00259027
-0.00194181 0.0362822 -0.00623201 0.0337517 -0.00336268 -0.000555385 -0.00248967 0.00259027
0.00697281 0.0431755 0.00214326 0.0387793 -0.00336268 -0.000555385 -0.00248967 0.00259027
0.0110216 0.0452902 0.00754082 0.0424827 -0.00336268 -0.000555385 -0.00248967 0.00259027
0.00629477 0.0378471 0.00276061 0.035844 -0.00336268 -0.000555385 -0.00248967 0.00259027
-0.00519643 0.0224579 -0.0137546 0.0308601 -0.00336268 -0.000555385 -0.00248967 0.00259027
-0.0234302 0.0103505 -0.0308706 0.0238063 -0.00336268 -0.000555385 -0.00248967 0.00259027
-0.0305789 0.00616093 -0.0374264 0.0165229 -0.00336268 -0.000555385 -0.00248967 0.00259027
-0.0289283 0.0124336 -0.032075 0.0126162 -0.00336268 -0.000555385 -0.00248967 0.00259027
-0.0224363 0.0271226 -0.0262766 0.0156643 -0.00336268 -0.000555385 -0.00248967 0.00259027
-0.0299685 0.0414544 -0.026369 0.0341087 -0.00336268 -0.000555385 -0.00248967 0.00259027
-0.0583721 0.040331 -0.0585614 0.0432778 -0.00336268 -0.000555385 -0.00248967 0.00259027
-0.0568532 0.0495379 -0.0516838 0.0549847 -0.00336268 -0.000555385 -0.00248967 0.00259027
