nan nan nan nan -0.00334822 -0.000566759 -0.00247839 0.00258379
nan nan nan nan -0.00334822 -0.000566759 -0.00247839 0.00258379
nan nan nan nan -0.00334822 -0.000566759 -0.00247839 0.00258379
nan nan nan nan -0.00334822 -0.000566759 -0.00247839 0.00258379
nan nan nan nan -0.00334822 -0.000566759 -0.00247839 0.00258379
nan nan nan nan -0.00334822 -0.000566759 -0.00247839 0.00258379
nan nan nan nan -0.00334822 -0.000566759 -0.00247839 0.00258379
nan nan nan nan -0.00334822 -0.000566759 -0.00247839 0.00258379
nan nan nan nan -0.00334822 -0.000566759 -0.00247839 0.00258379
nan nan nan nan -0.00334822 -0.000566759 -0.00247839 0.00258379
nan nan nan nan -0.00334822 -0.000566759 -0.00247839 0.00258379
nan nan nan nan -0.00334822 -0.000566759 -0.00247839 0.00258379
nan nan nan nan -0.00334822 -0.000566759 -0.00247839 0.00258379
nan nan nan nan -0.00334822 -0.000566759 -0.00247839 0.00258379
nan nan nan nan -0.00334822 -0.000566759 -0.00247839 0.00258379
nan nan nan nan -0.00334822 -0.000566759 -0.00247839 0.00258379
0.00185154 0.00819085 0.00238596 0.0082443 -0.00334822 -0.000566759 -0.00247839 0.00258379
0.00383021 0.0100758 0.00502212 0.00943438 -0.00334822 -0.000566759 -0.00247839 0.00258379
0.00314794 0.0111806 0.00472424 0.00951634 -0.00334822 -0.000566759 -0.00247839 0.00258379
0.00295417 0.0113544 0.0040607 0.00981244 -0.00334822 -0.000566759 -0.00247839 0.00258379
0.00153076 0.012396 0.00190848 0.0112247 -0.00334822 -0.000566759 -0.00247839 0.00258379
-9.84148e-05 0.0127303 0.000776909 0.0110745 -0.00334822 -0.000566759 -0.00247839 0.00258379
-0.00125202 0.013247 -0.00110189 0.0112931 -0.00334822 -0.000566759 -0.00247839 0.00258379
-0.00237518 0.0127743 -0.00194421 0.0119012 -0.00334822 -0.000566759 -0.00247839 0.00258379
-0.00314705 0.0145394 -0.00287168 0.0131188 -0.00334822 -0.000566759 -0.00247839 0.00258379
-0.00258687 0.0147339 -0.0024535 0.0137312 -0.00334822 -0.000566759 -0.00247839 0.00258379
-0.00165974 0.0171205 -0.00242491 0.0151591 -0.00334822 -0.000566759 -0.00247839 0.00258379
-0.000846701 0.0193123 -0.00101129 0.0168006 -0.00334822 -0.000566759 -0.00247839 0.00258379
-0.000568102 0.0208915 -0.000712767 0.0182604 -0.00334822 -0.000566759 -0.00247839 0.00258379
0.000712327 0.0226254 0.000101294 0.0197979 -0.00334822 -0.000566759 -0.00247839 0.00258379
0.00115465 0.0240831 0.000111888 0.0206516 -0.00334822 -0.000566759 -0.00247839 0.00258379
0.000170538 0.0221805 -0.00405655 0.0195824 -0.00334822 -0.000566759 -0.00247839 0.00258379
nan nan nan nan -0.00334822 -0.000566759 -0.00247839 0.00258379
nan nan nan nan -0.00334822 -0.000566759 -0.00247839 0.00258379
nan nan nan nan -0.00334822 -0.000566759 -0.00247839 0.00258379
nan nan nan nan -0.00334822 -0.000566759 -0.00247839 0.00258379
nan nan nan nan -0.00334822 -0.000566759 -0.00247839 0.00258379
nan nan nan nan -0.00334822 -0.000566759 -0.00247839 0.00258379
nan nan nan nan -0.00334822 -0.000566759 -0.00247839 0.00258379
nan nan nan nan -0.00334822 -0.000566759 -0.00247839 0.00258379
nan nan nan nan -0.00334822 -0.000566759 -0.00247839 0.00258379
nan nan nan nan -0.00334822 -0.000566759 -0.00247839 0.00258379
nan nan nan nan -0.00334822 -0.000566759 -0.00247839 0.00258379
nan nan nan nan -0.00334822 -0.000566759 -0.00247839 0.00258379
nan nan nan nan -0.00334822 -0.000566759 -0.00247839 0.00258379
nan nan nan nan -0.00334822 -0.000566759 -0.00247839 0.00258379
nan nan nan nan -0.00334822 -0.000566759 -0.00247839 0.00258379
nan nan nan nan -0.00334822 -0.000566759 -0.00247839 0.00258379
