0.00851221 0.0234842 0.011253 0.0199551
0.00390818 0.0225563 0.00807951 0.0207137
0.00254777 0.0262924 0.00932911 0.0225097
0.00305521 0.0230207 0.00987304 0.0201617
0.00462706 0.0152106 0.00595218 0.0120208
0.00423952 0.00901078 0.00249686 0.00642605
-2.56335e-06 0.00763978 -4.00408e-05 0.00535316
-0.00353882 0.00396579 -0.00246555 0.00271856
-0.00764798 -8.44341e-05 -0.00628713 -0.000774864
-0.00959167 -0.000381774 -0.00776322 -0.000441624
-0.0109036 0.00108893 -0.0073833 0.000156192
-0.00905811 -0.00159496 -0.00737441 -0.00144872
-0.0118833 -0.00304706 -0.0100858 -0.00272087
-0.0113454 -0.00194366 -0.00771842 -0.00208072
-0.0103967 -0.00180435 -0.00810355 -0.000385851
-0.011115 -0.00165158 -0.00862256 -0.000427368
-0.0123936 -0.00189163 -0.00990216 -0.0012897
-0.0132596 -0.00228804 -0.0104261 -0.00183172
-0.0124061 -0.00292791 -0.0107115 -0.00200015
-0.0123141 -0.00270093 -0.0110628 -0.00144013
-0.0120316 -0.00194115 -0.0112468 -0.000906063
-0.0126989 -0.00150096 -0.0109089 -0.000127278
-0.0128575 -0.00136901 -0.0118283 0.00040272
-0.0121013 -0.00105558 -0.0129415 0.00150832
-0.0116541 -0.00116291 -0.0135063 0.0016552
-0.0115019 -0.00368378 -0.0140417 -0.000827068
-0.0105601 -0.00382521 -0.0127449 -0.00145381
-0.00902666 -0.00325064 -0.010833 -0.00148447
-0.00794949 -0.00246896 -0.00937728 -0.00174304
-0.00792341 -0.00215505 -0.00940651 -0.00142963
-0.0100499 -0.0022522 -0.0111201 -0.00147014
-0.0092881 -0.00254463 -0.0110836 -0.0017885
-0.00725269 -0.000850485 -0.00850356 -0.000474203
-0.00724858 0.000869117 -0.00787052 0.0012227
-0.0114651 0.0020852 -0.0110005 0.00323308
-0.012369 0.00132787 -0.0141684 0.00448698
-0.00684042 0.00776563 -0.00645374 0.0080389
-0.00592843 0.0143611 -0.00341271 0.0136399
-0.00453704 0.0110794 -0.00372128 0.0114886
-0.00331017 0.0102096 -0.00156346 0.0100403
-0.00143926 0.00891113 -0.000289066 0.00920618
-0.00225791 0.00738332 -0.00130823 0.00778591
-0.00454458 0.00157871 -0.00439465 0.00318092
-0.0100085 8.03256e-05 -0.00949723 0.00143348
-0.0123531 0.000825425 -0.0116692 0.00317612
-0.0130743 0.00430674 -0.0108745 0.00635693
-0.0137541 0.00495985 -0.0118389 0.00768933
-0.00563013 0.01141 -0.00323627 0.0120242
